$ANSIBLE_VAULT;1.1;AES256
35623030366338623836376262343664343137323732306633353831643166316234613665366239
6535323630663566363434636461323538636463326134320a363238373061396437333530396238
34373233373862306437386162636266393330343334666139623362373130396137666636623661
6165643061663837620a353063326634343735353461343561383530356533626530316163623864
31393631633534336339623735323465316663393061613664346564386163363832386130313964
38313539366466643364613232633665316537643539386565376438386564306235323137393830
62323734386461316432376334393362343831623535353530363934303961393365353064386663
36656632643736313530616630386237393063333863306337643339363162666133353531653533
37333336323366323130613139623037643033653161643036613266373063373663313563623933
35393966646162336163383630323465343431363334303838363736346639363261633232323062
30333666613633313765373339623930343266306534313139383965396439313966323461376538
37643336643966636262383565613634653664633034666535343530356530333731373537623438
65636233386134636536333062316536323637613631336239653633323965316334636236353561
34353865363739346534383966306236383236313334336662323466633933646239386533646565
66613932383161333430313233613833636263333365313131643166636564383161313639393436
30616237616639373737
